[HEADER]
SpermId=3



[CENTROID]
#FrameID,Uncertainty,X,Y
416,	0.00,	42.03,	187.47
417,	0.00,	42.47,	187.41
418,	0.00,	42.76,	187.59
419,	0.00,	42.89,	187.60
420,	0.00,	43.02,	187.90
421,	0.00,	43.97,	188.08
422,	0.00,	44.03,	188.18
423,	0.00,	44.42,	188.30
424,	0.00,	44.48,	188.43
425,	0.00,	44.57,	188.42
426,	0.00,	45.34,	188.43
427,	0.00,	45.59,	188.58
428,	0.00,	45.59,	188.86
429,	0.00,	45.70,	188.95
430,	0.00,	45.77,	189.13
431,	0.00,	46.34,	189.27
432,	0.00,	46.52,	189.34
433,	0.00,	46.73,	189.47
434,	0.00,	47.28,	189.47
435,	0.00,	47.50,	189.90
436,	0.00,	47.63,	190.11
437,	0.00,	47.72,	190.14
438,	0.00,	47.89,	190.44
439,	0.00,	48.37,	190.51
440,	0.00,	48.59,	190.65
441,	0.00,	48.73,	190.65
442,	0.00,	48.77,	190.77
443,	0.00,	49.27,	191.18
444,	0.00,	49.92,	191.39
445,	0.00,	49.98,	191.35
446,	0.00,	50.30,	191.51
447,	0.00,	50.62,	191.58
448,	0.00,	50.73,	191.65
449,	0.00,	50.75,	192.00
450,	0.00,	51.25,	192.43
451,	0.00,	51.54,	192.35
452,	0.00,	51.82,	192.18
453,	0.00,	51.94,	192.47
454,	0.00,	52.38,	192.61
455,	0.00,	52.66,	192.68
456,	0.00,	52.82,	192.82
457,	0.00,	52.97,	192.85
458,	0.00,	53.39,	192.81
459,	0.00,	53.43,	192.97
460,	0.00,	53.86,	193.23
461,	0.00,	54.37,	193.45
462,	0.00,	54.44,	193.37
463,	0.00,	54.61,	193.59
464,	0.00,	55.28,	193.59
465,	0.00,	55.37,	193.75
466,	0.00,	55.56,	193.82
467,	0.00,	55.68,	193.88
468,	0.00,	56.01,	193.87
469,	0.00,	56.17,	194.05
470,	0.00,	56.49,	194.22
471,	0.00,	56.77,	194.33
472,	0.00,	57.17,	194.34
473,	0.00,	57.44,	194.49
474,	0.00,	57.56,	194.55
475,	0.00,	57.94,	194.60
476,	0.00,	58.03,	194.59
477,	0.00,	58.35,	194.68
478,	0.00,	58.34,	194.59
479,	0.00,	58.87,	194.73
480,	0.00,	58.99,	194.65
481,	0.00,	58.93,	194.80
482,	0.00,	59.27,	194.91
483,	0.00,	59.45,	195.09
484,	0.00,	59.90,	194.77
485,	0.00,	60.05,	194.91
486,	0.00,	60.21,	194.88
487,	0.00,	60.42,	195.14
488,	0.00,	60.48,	195.04
489,	0.00,	60.58,	194.81
490,	1.00,	-1.00,	-1.00 
491,	0.00,	61.07,	194.77
492,	0.00,	61.04,	194.64
493,	1.00,	-1.00,	-1.00 
494,	0.00,	61.63,	194.43
495,	1.00,	-1.00,	-1.00 
496,	1.00,	-1.00,	-1.00 
497,	1.00,	-1.00,	-1.00 
498,	0.00,	62.25,	193.76
499,	1.00,	-1.00,	-1.00 
500,	1.00,	-1.00,	-1.00 
501,	1.00,	-1.00,	-1.00 
502,	1.00,	-1.00,	-1.00 
503,	1.00,	-1.00,	-1.00 
504,	1.00,	-1.00,	-1.00 
505,	1.00,	-1.00,	-1.00 
506,	1.00,	-1.00,	-1.00 
507,	1.00,	-1.00,	-1.00 
508,	0.00,	63.59,	192.84
509,	1.00,	-1.00,	-1.00 
510,	1.00,	-1.00,	-1.00 
511,	0.00,	64.22,	192.79
512,	0.00,	64.60,	192.76
513,	1.00,	-1.00,	-1.00 
514,	1.00,	-1.00,	-1.00 
515,	1.00,	-1.00,	-1.00 
516,	1.00,	-1.00,	-1.00 
517,	0.00,	65.62,	192.38
518,	0.00,	66.00,	192.32
519,	0.00,	66.18,	192.37
520,	1.00,	-1.00,	-1.00 
521,	0.00,	66.56,	192.46
522,	1.00,	-1.00,	-1.00 
523,	1.00,	-1.00,	-1.00 
524,	0.00,	66.74,	192.37
525,	0.00,	67.09,	192.19
526,	0.00,	67.33,	192.75
527,	0.00,	67.44,	192.55
528,	0.00,	67.28,	192.62
529,	1.00,	-1.00,	-1.00 
530,	0.00,	68.08,	192.89
531,	0.00,	68.13,	192.76
532,	0.00,	68.13,	192.63
533,	0.00,	68.21,	192.73
534,	0.00,	68.30,	192.69
535,	0.00,	68.61,	192.80
536,	1.00,	-1.00,	-1.00 
537,	0.00,	69.02,	192.53
538,	1.00,	-1.00,	-1.00 
539,	0.00,	69.33,	192.40
540,	0.00,	69.33,	192.35
541,	0.00,	69.57,	192.21
542,	0.00,	69.63,	192.21
543,	1.00,	-1.00,	-1.00 
544,	0.00,	69.53,	192.13
545,	0.00,	69.67,	192.10
546,	0.00,	70.08,	192.02
547,	1.00,	-1.00,	-1.00 
548,	1.00,	-1.00,	-1.00 
549,	0.00,	70.11,	191.78
550,	0.00,	70.51,	191.84
551,	1.00,	-1.00,	-1.00 
552,	1.00,	-1.00,	-1.00 
553,	0.00,	71.03,	191.67
554,	0.00,	71.12,	191.48
555,	0.00,	71.19,	191.68
556,	1.00,	-1.00,	-1.00 
557,	0.00,	71.64,	191.57
558,	1.00,	-1.00,	-1.00 
559,	1.00,	-1.00,	-1.00 
560,	1.00,	-1.00,	-1.00 
561,	1.00,	-1.00,	-1.00 
562,	1.00,	-1.00,	-1.00 
563,	1.00,	-1.00,	-1.00 
564,	0.00,	72.62,	191.88
565,	1.00,	-1.00,	-1.00 
566,	1.00,	-1.00,	-1.00 
567,	1.00,	-1.00,	-1.00 
568,	1.00,	-1.00,	-1.00 
569,	1.00,	-1.00,	-1.00 
570,	1.00,	-1.00,	-1.00 
571,	1.00,	-1.00,	-1.00 
572,	1.00,	-1.00,	-1.00 
573,	1.00,	-1.00,	-1.00 
574,	1.00,	-1.00,	-1.00 
575,	1.00,	-1.00,	-1.00 
576,	1.00,	-1.00,	-1.00 
577,	1.00,	-1.00,	-1.00 
578,	1.00,	-1.00,	-1.00 
579,	1.00,	-1.00,	-1.00 
580,	1.00,	-1.00,	-1.00 
581,	1.00,	-1.00,	-1.00 
582,	1.00,	-1.00,	-1.00 
583,	1.00,	-1.00,	-1.00 
584,	1.00,	-1.00,	-1.00 
585,	1.00,	-1.00,	-1.00 
586,	1.00,	-1.00,	-1.00 
587,	1.00,	-1.00,	-1.00 
588,	1.00,	-1.00,	-1.00 
589,	1.00,	-1.00,	-1.00 
590,	1.00,	-1.00,	-1.00 
591,	1.00,	-1.00,	-1.00 
592,	1.00,	-1.00,	-1.00 
593,	1.00,	-1.00,	-1.00 
594,	1.00,	-1.00,	-1.00 
595,	1.00,	-1.00,	-1.00 
596,	1.00,	-1.00,	-1.00 
597,	1.00,	-1.00,	-1.00 
598,	1.00,	-1.00,	-1.00 
599,	1.00,	-1.00,	-1.00 
600,	1.00,	-1.00,	-1.00 
601,	1.00,	-1.00,	-1.00 
602,	1.00,	-1.00,	-1.00 
603,	1.00,	-1.00,	-1.00 
604,	1.00,	-1.00,	-1.00 
605,	1.00,	-1.00,	-1.00 
606,	1.00,	-1.00,	-1.00 
607,	1.00,	-1.00,	-1.00 
608,	1.00,	-1.00,	-1.00 
609,	1.00,	-1.00,	-1.00 
610,	1.00,	-1.00,	-1.00 
611,	1.00,	-1.00,	-1.00 
612,	1.00,	-1.00,	-1.00 
613,	1.00,	-1.00,	-1.00 
614,	1.00,	-1.00,	-1.00 
615,	1.00,	-1.00,	-1.00 
616,	1.00,	-1.00,	-1.00 
617,	1.00,	-1.00,	-1.00 
618,	1.00,	-1.00,	-1.00 
619,	1.00,	-1.00,	-1.00 
620,	1.00,	-1.00,	-1.00 
621,	1.00,	-1.00,	-1.00 
622,	1.00,	-1.00,	-1.00 
623,	1.00,	-1.00,	-1.00 
624,	1.00,	-1.00,	-1.00 
625,	1.00,	-1.00,	-1.00 
626,	1.00,	-1.00,	-1.00 
627,	1.00,	-1.00,	-1.00 
628,	1.00,	-1.00,	-1.00 
629,	1.00,	-1.00,	-1.00 
630,	1.00,	-1.00,	-1.00 
631,	1.00,	-1.00,	-1.00 
632,	1.00,	-1.00,	-1.00 
633,	1.00,	-1.00,	-1.00 
634,	1.00,	-1.00,	-1.00 
635,	1.00,	-1.00,	-1.00 
636,	1.00,	-1.00,	-1.00 
637,	1.00,	-1.00,	-1.00 
638,	1.00,	-1.00,	-1.00 
639,	1.00,	-1.00,	-1.00 
640,	1.00,	-1.00,	-1.00 
641,	1.00,	-1.00,	-1.00 
642,	1.00,	-1.00,	-1.00 
643,	1.00,	-1.00,	-1.00 
644,	1.00,	-1.00,	-1.00 
645,	1.00,	-1.00,	-1.00 
646,	1.00,	-1.00,	-1.00 
647,	1.00,	-1.00,	-1.00 
648,	1.00,	-1.00,	-1.00 
649,	1.00,	-1.00,	-1.00 
650,	1.00,	-1.00,	-1.00 
651,	1.00,	-1.00,	-1.00 
652,	1.00,	-1.00,	-1.00 
653,	1.00,	-1.00,	-1.00 
654,	1.00,	-1.00,	-1.00 
655,	1.00,	-1.00,	-1.00 
656,	1.00,	-1.00,	-1.00 
657,	1.00,	-1.00,	-1.00 
658,	1.00,	-1.00,	-1.00 
659,	1.00,	-1.00,	-1.00 
660,	1.00,	-1.00,	-1.00 
661,	1.00,	-1.00,	-1.00 
662,	1.00,	-1.00,	-1.00 
663,	1.00,	-1.00,	-1.00 
664,	1.00,	-1.00,	-1.00 
665,	1.00,	-1.00,	-1.00 
666,	1.00,	-1.00,	-1.00 
667,	1.00,	-1.00,	-1.00 
668,	1.00,	-1.00,	-1.00 
669,	1.00,	-1.00,	-1.00 



[HEADPOINTS]
#FrameID,Uncertainty,NPOINTS,X,Y...
490,	1.00,	0
493,	1.00,	0
495,	1.00,	0
496,	1.00,	0
497,	1.00,	0
499,	1.00,	0
500,	1.00,	0
501,	1.00,	0
502,	1.00,	0
503,	1.00,	0
504,	1.00,	0
505,	1.00,	0
506,	1.00,	0
507,	1.00,	0
509,	1.00,	0
510,	1.00,	0
513,	1.00,	0
514,	1.00,	0
515,	1.00,	0
516,	1.00,	0
520,	1.00,	0
522,	1.00,	0
523,	1.00,	0
529,	1.00,	0
536,	1.00,	0
538,	1.00,	0
543,	1.00,	0
547,	1.00,	0
548,	1.00,	0
551,	1.00,	0
552,	1.00,	0
556,	1.00,	0
558,	1.00,	0
559,	1.00,	0
560,	1.00,	0
561,	1.00,	0
562,	1.00,	0
563,	1.00,	0
565,	1.00,	0
566,	1.00,	0
567,	1.00,	0
568,	1.00,	0
569,	1.00,	0
570,	1.00,	0
571,	1.00,	0
572,	1.00,	0
573,	1.00,	0
574,	1.00,	0
575,	1.00,	0
576,	1.00,	0
577,	1.00,	0
578,	1.00,	0
579,	1.00,	0
580,	1.00,	0
581,	1.00,	0
582,	1.00,	0
583,	1.00,	0
584,	1.00,	0
585,	1.00,	0
586,	1.00,	0
587,	1.00,	0
588,	1.00,	0
589,	1.00,	0
590,	1.00,	0
591,	1.00,	0
592,	1.00,	0
593,	1.00,	0
594,	1.00,	0
595,	1.00,	0
596,	1.00,	0
597,	1.00,	0
598,	1.00,	0
599,	1.00,	0
600,	1.00,	0
601,	1.00,	0
602,	1.00,	0
603,	1.00,	0
604,	1.00,	0
605,	1.00,	0
606,	1.00,	0
607,	1.00,	0
608,	1.00,	0
609,	1.00,	0
610,	1.00,	0
611,	1.00,	0
612,	1.00,	0
613,	1.00,	0
614,	1.00,	0
615,	1.00,	0
616,	1.00,	0
617,	1.00,	0
618,	1.00,	0
619,	1.00,	0
620,	1.00,	0
621,	1.00,	0
622,	1.00,	0
623,	1.00,	0
624,	1.00,	0
625,	1.00,	0
626,	1.00,	0
627,	1.00,	0
628,	1.00,	0
629,	1.00,	0
630,	1.00,	0
631,	1.00,	0
632,	1.00,	0
633,	1.00,	0
634,	1.00,	0
635,	1.00,	0
636,	1.00,	0
637,	1.00,	0
638,	1.00,	0
639,	1.00,	0
640,	1.00,	0
641,	1.00,	0
642,	1.00,	0
643,	1.00,	0
644,	1.00,	0
645,	1.00,	0
646,	1.00,	0
647,	1.00,	0
648,	1.00,	0
649,	1.00,	0
650,	1.00,	0
651,	1.00,	0
652,	1.00,	0
653,	1.00,	0
654,	1.00,	0
655,	1.00,	0
656,	1.00,	0
657,	1.00,	0
658,	1.00,	0
659,	1.00,	0
660,	1.00,	0
661,	1.00,	0
662,	1.00,	0
663,	1.00,	0
664,	1.00,	0
665,	1.00,	0
666,	1.00,	0
667,	1.00,	0
668,	1.00,	0
669,	1.00,	0



[HEADELLIPSE]
#FrameID,semimajor_axis, semiminor_axis, x0, y0, phi(rads)
490,	0.00,	0.00,	-1.00,	-1.00,	0.00
493,	0.00,	0.00,	-1.00,	-1.00,	0.00
495,	0.00,	0.00,	-1.00,	-1.00,	0.00
496,	0.00,	0.00,	-1.00,	-1.00,	0.00
497,	0.00,	0.00,	-1.00,	-1.00,	0.00
499,	0.00,	0.00,	-1.00,	-1.00,	0.00
500,	0.00,	0.00,	-1.00,	-1.00,	0.00
501,	0.00,	0.00,	-1.00,	-1.00,	0.00
502,	0.00,	0.00,	-1.00,	-1.00,	0.00
503,	0.00,	0.00,	-1.00,	-1.00,	0.00
504,	0.00,	0.00,	-1.00,	-1.00,	0.00
505,	0.00,	0.00,	-1.00,	-1.00,	0.00
506,	0.00,	0.00,	-1.00,	-1.00,	0.00
507,	0.00,	0.00,	-1.00,	-1.00,	0.00
509,	0.00,	0.00,	-1.00,	-1.00,	0.00
510,	0.00,	0.00,	-1.00,	-1.00,	0.00
513,	0.00,	0.00,	-1.00,	-1.00,	0.00
514,	0.00,	0.00,	-1.00,	-1.00,	0.00
515,	0.00,	0.00,	-1.00,	-1.00,	0.00
516,	0.00,	0.00,	-1.00,	-1.00,	0.00
520,	0.00,	0.00,	-1.00,	-1.00,	0.00
522,	0.00,	0.00,	-1.00,	-1.00,	0.00
523,	0.00,	0.00,	-1.00,	-1.00,	0.00
529,	0.00,	0.00,	-1.00,	-1.00,	0.00
536,	0.00,	0.00,	-1.00,	-1.00,	0.00
538,	0.00,	0.00,	-1.00,	-1.00,	0.00
543,	0.00,	0.00,	-1.00,	-1.00,	0.00
547,	0.00,	0.00,	-1.00,	-1.00,	0.00
548,	0.00,	0.00,	-1.00,	-1.00,	0.00
551,	0.00,	0.00,	-1.00,	-1.00,	0.00
552,	0.00,	0.00,	-1.00,	-1.00,	0.00
556,	0.00,	0.00,	-1.00,	-1.00,	0.00
558,	0.00,	0.00,	-1.00,	-1.00,	0.00
559,	0.00,	0.00,	-1.00,	-1.00,	0.00
560,	0.00,	0.00,	-1.00,	-1.00,	0.00
561,	0.00,	0.00,	-1.00,	-1.00,	0.00
562,	0.00,	0.00,	-1.00,	-1.00,	0.00
563,	0.00,	0.00,	-1.00,	-1.00,	0.00
565,	0.00,	0.00,	-1.00,	-1.00,	0.00
566,	0.00,	0.00,	-1.00,	-1.00,	0.00
567,	0.00,	0.00,	-1.00,	-1.00,	0.00
568,	0.00,	0.00,	-1.00,	-1.00,	0.00
569,	0.00,	0.00,	-1.00,	-1.00,	0.00
570,	0.00,	0.00,	-1.00,	-1.00,	0.00
571,	0.00,	0.00,	-1.00,	-1.00,	0.00
572,	0.00,	0.00,	-1.00,	-1.00,	0.00
573,	0.00,	0.00,	-1.00,	-1.00,	0.00
574,	0.00,	0.00,	-1.00,	-1.00,	0.00
575,	0.00,	0.00,	-1.00,	-1.00,	0.00
576,	0.00,	0.00,	-1.00,	-1.00,	0.00
577,	0.00,	0.00,	-1.00,	-1.00,	0.00
578,	0.00,	0.00,	-1.00,	-1.00,	0.00
579,	0.00,	0.00,	-1.00,	-1.00,	0.00
580,	0.00,	0.00,	-1.00,	-1.00,	0.00
581,	0.00,	0.00,	-1.00,	-1.00,	0.00
582,	0.00,	0.00,	-1.00,	-1.00,	0.00
583,	0.00,	0.00,	-1.00,	-1.00,	0.00
584,	0.00,	0.00,	-1.00,	-1.00,	0.00
585,	0.00,	0.00,	-1.00,	-1.00,	0.00
586,	0.00,	0.00,	-1.00,	-1.00,	0.00
587,	0.00,	0.00,	-1.00,	-1.00,	0.00
588,	0.00,	0.00,	-1.00,	-1.00,	0.00
589,	0.00,	0.00,	-1.00,	-1.00,	0.00
590,	0.00,	0.00,	-1.00,	-1.00,	0.00
591,	0.00,	0.00,	-1.00,	-1.00,	0.00
592,	0.00,	0.00,	-1.00,	-1.00,	0.00
593,	0.00,	0.00,	-1.00,	-1.00,	0.00
594,	0.00,	0.00,	-1.00,	-1.00,	0.00
595,	0.00,	0.00,	-1.00,	-1.00,	0.00
596,	0.00,	0.00,	-1.00,	-1.00,	0.00
597,	0.00,	0.00,	-1.00,	-1.00,	0.00
598,	0.00,	0.00,	-1.00,	-1.00,	0.00
599,	0.00,	0.00,	-1.00,	-1.00,	0.00
600,	0.00,	0.00,	-1.00,	-1.00,	0.00
601,	0.00,	0.00,	-1.00,	-1.00,	0.00
602,	0.00,	0.00,	-1.00,	-1.00,	0.00
603,	0.00,	0.00,	-1.00,	-1.00,	0.00
604,	0.00,	0.00,	-1.00,	-1.00,	0.00
605,	0.00,	0.00,	-1.00,	-1.00,	0.00
606,	0.00,	0.00,	-1.00,	-1.00,	0.00
607,	0.00,	0.00,	-1.00,	-1.00,	0.00
608,	0.00,	0.00,	-1.00,	-1.00,	0.00
609,	0.00,	0.00,	-1.00,	-1.00,	0.00
610,	0.00,	0.00,	-1.00,	-1.00,	0.00
611,	0.00,	0.00,	-1.00,	-1.00,	0.00
612,	0.00,	0.00,	-1.00,	-1.00,	0.00
613,	0.00,	0.00,	-1.00,	-1.00,	0.00
614,	0.00,	0.00,	-1.00,	-1.00,	0.00
615,	0.00,	0.00,	-1.00,	-1.00,	0.00
616,	0.00,	0.00,	-1.00,	-1.00,	0.00
617,	0.00,	0.00,	-1.00,	-1.00,	0.00
618,	0.00,	0.00,	-1.00,	-1.00,	0.00
619,	0.00,	0.00,	-1.00,	-1.00,	0.00
620,	0.00,	0.00,	-1.00,	-1.00,	0.00
621,	0.00,	0.00,	-1.00,	-1.00,	0.00
622,	0.00,	0.00,	-1.00,	-1.00,	0.00
623,	0.00,	0.00,	-1.00,	-1.00,	0.00
624,	0.00,	0.00,	-1.00,	-1.00,	0.00
625,	0.00,	0.00,	-1.00,	-1.00,	0.00
626,	0.00,	0.00,	-1.00,	-1.00,	0.00
627,	0.00,	0.00,	-1.00,	-1.00,	0.00
628,	0.00,	0.00,	-1.00,	-1.00,	0.00
629,	0.00,	0.00,	-1.00,	-1.00,	0.00
630,	0.00,	0.00,	-1.00,	-1.00,	0.00
631,	0.00,	0.00,	-1.00,	-1.00,	0.00
632,	0.00,	0.00,	-1.00,	-1.00,	0.00
633,	0.00,	0.00,	-1.00,	-1.00,	0.00
634,	0.00,	0.00,	-1.00,	-1.00,	0.00
635,	0.00,	0.00,	-1.00,	-1.00,	0.00
636,	0.00,	0.00,	-1.00,	-1.00,	0.00
637,	0.00,	0.00,	-1.00,	-1.00,	0.00
638,	0.00,	0.00,	-1.00,	-1.00,	0.00
639,	0.00,	0.00,	-1.00,	-1.00,	0.00
640,	0.00,	0.00,	-1.00,	-1.00,	0.00
641,	0.00,	0.00,	-1.00,	-1.00,	0.00
642,	0.00,	0.00,	-1.00,	-1.00,	0.00
643,	0.00,	0.00,	-1.00,	-1.00,	0.00
644,	0.00,	0.00,	-1.00,	-1.00,	0.00
645,	0.00,	0.00,	-1.00,	-1.00,	0.00
646,	0.00,	0.00,	-1.00,	-1.00,	0.00
647,	0.00,	0.00,	-1.00,	-1.00,	0.00
648,	0.00,	0.00,	-1.00,	-1.00,	0.00
649,	0.00,	0.00,	-1.00,	-1.00,	0.00
650,	0.00,	0.00,	-1.00,	-1.00,	0.00
651,	0.00,	0.00,	-1.00,	-1.00,	0.00
652,	0.00,	0.00,	-1.00,	-1.00,	0.00
653,	0.00,	0.00,	-1.00,	-1.00,	0.00
654,	0.00,	0.00,	-1.00,	-1.00,	0.00
655,	0.00,	0.00,	-1.00,	-1.00,	0.00
656,	0.00,	0.00,	-1.00,	-1.00,	0.00
657,	0.00,	0.00,	-1.00,	-1.00,	0.00
658,	0.00,	0.00,	-1.00,	-1.00,	0.00
659,	0.00,	0.00,	-1.00,	-1.00,	0.00
660,	0.00,	0.00,	-1.00,	-1.00,	0.00
661,	0.00,	0.00,	-1.00,	-1.00,	0.00
662,	0.00,	0.00,	-1.00,	-1.00,	0.00
663,	0.00,	0.00,	-1.00,	-1.00,	0.00
664,	0.00,	0.00,	-1.00,	-1.00,	0.00
665,	0.00,	0.00,	-1.00,	-1.00,	0.00
666,	0.00,	0.00,	-1.00,	-1.00,	0.00
667,	0.00,	0.00,	-1.00,	-1.00,	0.00
668,	0.00,	0.00,	-1.00,	-1.00,	0.00
669,	0.00,	0.00,	-1.00,	-1.00,	0.00



[FLAGELLUM]
#FrameID,Uncertainty,NPOINTS,X,Y...
490,	1.00,	0
493,	1.00,	0
495,	1.00,	0
496,	1.00,	0
497,	1.00,	0
499,	1.00,	0
500,	1.00,	0
501,	1.00,	0
502,	1.00,	0
503,	1.00,	0
504,	1.00,	0
505,	1.00,	0
506,	1.00,	0
507,	1.00,	0
509,	1.00,	0
510,	1.00,	0
513,	1.00,	0
514,	1.00,	0
515,	1.00,	0
516,	1.00,	0
520,	1.00,	0
522,	1.00,	0
523,	1.00,	0
529,	1.00,	0
536,	1.00,	0
538,	1.00,	0
543,	1.00,	0
547,	1.00,	0
548,	1.00,	0
551,	1.00,	0
552,	1.00,	0
556,	1.00,	0
558,	1.00,	0
559,	1.00,	0
560,	1.00,	0
561,	1.00,	0
562,	1.00,	0
563,	1.00,	0
565,	1.00,	0
566,	1.00,	0
567,	1.00,	0
568,	1.00,	0
569,	1.00,	0
570,	1.00,	0
571,	1.00,	0
572,	1.00,	0
573,	1.00,	0
574,	1.00,	0
575,	1.00,	0
576,	1.00,	0
577,	1.00,	0
578,	1.00,	0
579,	1.00,	0
580,	1.00,	0
581,	1.00,	0
582,	1.00,	0
583,	1.00,	0
584,	1.00,	0
585,	1.00,	0
586,	1.00,	0
587,	1.00,	0
588,	1.00,	0
589,	1.00,	0
590,	1.00,	0
591,	1.00,	0
592,	1.00,	0
593,	1.00,	0
594,	1.00,	0
595,	1.00,	0
596,	1.00,	0
597,	1.00,	0
598,	1.00,	0
599,	1.00,	0
600,	1.00,	0
601,	1.00,	0
602,	1.00,	0
603,	1.00,	0
604,	1.00,	0
605,	1.00,	0
606,	1.00,	0
607,	1.00,	0
608,	1.00,	0
609,	1.00,	0
610,	1.00,	0
611,	1.00,	0
612,	1.00,	0
613,	1.00,	0
614,	1.00,	0
615,	1.00,	0
616,	1.00,	0
617,	1.00,	0
618,	1.00,	0
619,	1.00,	0
620,	1.00,	0
621,	1.00,	0
622,	1.00,	0
623,	1.00,	0
624,	1.00,	0
625,	1.00,	0
626,	1.00,	0
627,	1.00,	0
628,	1.00,	0
629,	1.00,	0
630,	1.00,	0
631,	1.00,	0
632,	1.00,	0
633,	1.00,	0
634,	1.00,	0
635,	1.00,	0
636,	1.00,	0
637,	1.00,	0
638,	1.00,	0
639,	1.00,	0
640,	1.00,	0
641,	1.00,	0
642,	1.00,	0
643,	1.00,	0
644,	1.00,	0
645,	1.00,	0
646,	1.00,	0
647,	1.00,	0
648,	1.00,	0
649,	1.00,	0
650,	1.00,	0
651,	1.00,	0
652,	1.00,	0
653,	1.00,	0
654,	1.00,	0
655,	1.00,	0
656,	1.00,	0
657,	1.00,	0
658,	1.00,	0
659,	1.00,	0
660,	1.00,	0
661,	1.00,	0
662,	1.00,	0
663,	1.00,	0
664,	1.00,	0
665,	1.00,	0
666,	1.00,	0
667,	1.00,	0
668,	1.00,	0
669,	1.00,	0



[END]