[HEADER]
SpermId=4



[CENTROID]
#FrameID,Uncertainty,X,Y
108,	0.00,	250.85,	164.12
109,	0.00,	251.69,	163.74
110,	0.00,	253.03,	163.63
111,	0.00,	254.05,	163.59
112,	0.00,	255.62,	163.47
136,	0.00,	285.11,	167.42
137,	0.00,	286.04,	167.25
138,	0.00,	287.28,	167.13
197,	0.00,	357.49,	167.22
198,	0.00,	358.58,	167.44
199,	0.00,	358.58,	167.44
200,	0.00,	360.94,	167.83
201,	0.00,	362.00,	167.88
202,	0.00,	363.21,	167.51
203,	0.00,	364.69,	167.40
204,	0.00,	365.66,	166.84
205,	0.00,	367.12,	166.30
207,	0.00,	369.57,	164.89
209,	0.00,	372.81,	164.36
210,	0.00,	374.26,	164.34
223,	0.00,	388.32,	171.74
224,	0.00,	389.52,	172.37
225,	0.00,	389.91,	172.90
226,	0.00,	390.60,	173.87
227,	0.00,	390.74,	174.70
228,	0.00,	391.34,	175.14
229,	0.00,	391.70,	176.06
230,	0.00,	392.50,	177.00
247,	0.00,	407.69,	188.55
249,	0.00,	407.55,	189.39
250,	0.00,	408.30,	190.37
251,	0.00,	407.68,	190.40
252,	0.00,	408.13,	191.43
253,	0.00,	407.70,	191.50
254,	0.00,	409.06,	192.50
255,	0.00,	409.10,	192.74
256,	0.00,	409.63,	193.43
257,	0.00,	411.36,	194.76
258,	0.00,	412.14,	195.48
288,	0.00,	425.66,	221.09
289,	0.00,	425.88,	221.53
290,	0.00,	426.64,	222.24
291,	0.00,	427.30,	222.58
294,	0.00,	429.63,	223.62
295,	0.00,	430.27,	224.34
296,	0.00,	430.59,	224.73
297,	0.00,	431.11,	225.15
298,	0.00,	431.46,	225.45
299,	0.00,	432.28,	226.21



[HEADPOINTS]
#FrameID,Uncertainty,NPOINTS,X,Y...
108,	0.00,	46,	244.00,	162.00,	244.00,	163.00,	244.00,	164.00,	244.00,	165.00,	244.00,	166.00,	244.00,	167.00,	245.00,	162.00,	245.00,	167.00,	246.00,	162.00,	246.00,	167.00,	246.00,	168.00,	247.00,	161.00,	247.00,	162.00,	247.00,	168.00,	248.00,	160.00,	248.00,	161.00,	248.00,	168.00,	248.00,	169.00,	249.00,	160.00,	249.00,	169.00,	250.00,	159.00,	250.00,	160.00,	250.00,	169.00,	251.00,	159.00,	251.00,	169.00,	252.00,	159.00,	252.00,	168.00,	252.00,	169.00,	253.00,	159.00,	253.00,	168.00,	254.00,	159.00,	254.00,	160.00,	254.00,	168.00,	255.00,	160.00,	255.00,	167.00,	255.00,	168.00,	256.00,	160.00,	256.00,	161.00,	256.00,	167.00,	257.00,	161.00,	257.00,	162.00,	257.00,	163.00,	257.00,	164.00,	257.00,	165.00,	257.00,	166.00,	257.00,	167.00
109,	0.00,	44,	245.00,	162.00,	245.00,	163.00,	245.00,	164.00,	245.00,	165.00,	245.00,	166.00,	245.00,	167.00,	246.00,	161.00,	246.00,	162.00,	246.00,	167.00,	247.00,	161.00,	247.00,	167.00,	247.00,	168.00,	248.00,	161.00,	248.00,	168.00,	249.00,	160.00,	249.00,	161.00,	249.00,	168.00,	250.00,	159.00,	250.00,	160.00,	250.00,	168.00,	251.00,	159.00,	251.00,	168.00,	252.00,	159.00,	252.00,	168.00,	253.00,	159.00,	253.00,	168.00,	254.00,	159.00,	254.00,	168.00,	255.00,	159.00,	255.00,	167.00,	255.00,	168.00,	256.00,	159.00,	256.00,	160.00,	256.00,	167.00,	257.00,	160.00,	257.00,	161.00,	257.00,	166.00,	257.00,	167.00,	258.00,	161.00,	258.00,	162.00,	258.00,	163.00,	258.00,	164.00,	258.00,	165.00,	258.00,	166.00                                



[HEADELLIPSE]
#FrameID,semimajor_axis, semiminor_axis, x0, y0, phi(rads)
108,	6.62,	4.85,	250.84,	164.11,	0.22
109,	6.76,	4.67,	251.70,	163.74,	0.21



[FLAGELLUM]
#FrameID,Uncertainty,NPOINTS,X,Y...
108,	0.44,	57,	243.00,	167.00,	242.00,	167.00,	241.00,	167.00,	240.00,	167.00,	239.00,	167.00,	238.00,	167.00,	237.00,	167.00,	236.00,	167.00,	235.00,	167.00,	234.00,	167.00,	233.00,	167.00,	232.00,	167.00,	231.00,	166.00,	230.00,	166.00,	229.00,	166.00,	228.00,	166.00,	227.00,	166.00,	226.00,	165.00,	225.00,	165.00,	224.00,	164.00,	223.00,	164.00,	222.00,	164.00,	221.00,	163.00,	220.00,	163.00,	219.00,	163.00,	218.00,	162.00,	217.00,	161.00,	216.00,	161.00,	215.00,	161.00,	214.00,	160.00,	213.00,	160.00,	212.00,	160.00,	211.00,	159.00,	210.00,	159.00,	209.00,	159.00,	208.00,	159.00,	207.00,	159.00,	206.00,	159.00,	205.00,	160.00,	204.00,	160.00,	203.00,	161.00,	202.00,	162.00,	201.00,	163.00,	200.00,	164.00,	199.00,	165.00,	198.00,	166.00,	197.00,	167.00,	197.00,	168.00,	196.00,	169.00,	196.00,	170.00,	196.00,	171.00,	196.00,	172.00,	196.00,	173.00,	196.00,	174.00,	195.00,	175.00,	195.00,	176.00,	195.00,	177.00
109,	0.41,	60,	244.00,	167.00,	243.00,	167.00,	242.00,	167.00,	241.00,	167.00,	240.00,	167.00,	239.00,	167.00,	238.00,	167.00,	237.00,	167.00,	236.00,	167.00,	235.00,	167.00,	234.00,	168.00,	233.00,	168.00,	232.00,	168.00,	231.00,	168.00,	230.00,	167.00,	229.00,	167.00,	228.00,	167.00,	227.00,	167.00,	226.00,	167.00,	225.00,	166.00,	224.00,	166.00,	223.00,	166.00,	222.00,	165.00,	221.00,	165.00,	220.00,	164.00,	219.00,	164.00,	218.00,	163.00,	217.00,	162.00,	216.00,	162.00,	215.00,	161.00,	214.00,	160.00,	213.00,	160.00,	212.00,	159.00,	211.00,	159.00,	210.00,	158.00,	209.00,	158.00,	208.00,	158.00,	207.00,	158.00,	206.00,	158.00,	205.00,	159.00,	204.00,	159.00,	203.00,	159.00,	202.00,	160.00,	201.00,	160.00,	200.00,	161.00,	199.00,	162.00,	198.00,	163.00,	197.00,	164.00,	197.00,	165.00,	196.00,	166.00,	195.00,	167.00,	195.00,	168.00,	195.00,	169.00,	195.00,	170.00,	195.00,	171.00,	195.00,	172.00,	195.00,	173.00,	195.00,	174.00,	195.00,	175.00,	195.00,	176.00



[END]